01001100 01000101101010111001010101100001
01001100 0110001011001000101100011111000011101101000101000001001010000011
01001100 00011001101101010010001001011000101111110001001010010001000110010000111010001000111110101011111101110001001011010010010100010111
01001100 0110100001000111100101000110011011011010000101001111100010110001000010001010110100010100110110110001101111101010110001010000000100000011101101100011100111001111110101111001100001100111101011010111000010000101110011100010101101000011111000110111000010101101
11 1001 
101 111 
1 10 
11 1001 
10 1000 
110 110
101 110